,train_L1_loss,train_psnr,train_ssim,val_L1_loss,val_psnr,val_ssim
0,0.15387169316926208,23.485371739168112,0.9280368977802654,0.15387191301755115,23.561228116228655,0.9356312369621694
1,0.14560598752525594,23.685455667596617,0.9291331281039306,0.14656918341855182,23.64488230880766,0.9362290057728364
2,0.13979667234821075,23.852659887502675,0.9306026373763372,0.14142795720788315,23.71295326319375,0.9374560762615896
3,0.14009180500746962,24.05788479850971,0.9323363669151836,0.13966516809618693,23.85332579528333,0.9384560991003603
4,0.12424392339477541,24.32406400710384,0.9338994821298368,0.12393747121267665,24.109016774664042,0.9403136968769625
5,0.1268663951008312,24.614930695653605,0.9362641752625538,0.12710477032992332,24.184261006040913,0.941024676401687
6,0.11662432994158843,24.83418248884687,0.9383852661674575,0.11624941392214908,24.276041932116183,0.942156488389379
7,0.11433280229112622,25.00021729549125,0.9396669839750149,0.11388985855845153,24.24030115338555,0.9419773080375241
8,0.12388775284683727,25.148102237336694,0.940911387472528,0.12412619447805165,24.108167203810982,0.940773702999612
9,0.12618012048391924,25.247478708658875,0.9414609037873838,0.12617300363522954,24.121268709745376,0.9407748539025074
10,0.12466749654329004,25.349758810290606,0.942106168294302,0.12482322898140107,24.10918429937311,0.9412454436472341
11,0.11492834204149598,25.405640270732356,0.9424617790763582,0.11619563020984709,24.072617447968284,0.9405239703765442
12,0.11080806962364971,25.49979197459547,0.9432061817783749,0.11032603387584351,24.122388116646004,0.9415195640880544
13,0.1088219320599494,25.57546347418164,0.9436399105862601,0.10838057824201565,24.064736772316042,0.9406824256381436
14,0.10872530935676943,25.644412170430712,0.9440417287380347,0.10768382200592203,24.059346560105293,0.9406770536824773
15,0.10366327787399537,25.703762987753862,0.9443675464970364,0.10311978812824492,24.090263501866172,0.9411023625685616
16,0.11456181397930786,25.773903727860393,0.9448581540753466,0.11441902946257057,24.026755884702098,0.9402651396441752
17,0.1071379911088963,25.838860069524294,0.9452352966952957,0.1070706120478554,24.007283455273623,0.9400993193254302
18,0.10982319995238533,25.88599502554187,0.9454276374720764,0.11164818869522722,24.022998040611782,0.9400498155503353
19,0.10267556723121866,25.95453513154523,0.9458207184946478,0.10257559212980437,24.058368843605177,0.940824511070441
20,0.10216235204858602,26.007351709424423,0.9461541706033241,0.1023838146045059,24.029809725139565,0.9402300663000108
21,0.10764707563506572,26.04759524101991,0.9463897698247313,0.10886412139785677,24.03161611167688,0.9404773978963092
22,0.10365571018085858,26.093912938489037,0.9466152717920989,0.103827916233953,23.953276137189256,0.93929125860857
23,0.10410507913071006,26.147178421250377,0.9468816065234931,0.1031411766668077,24.024694922893033,0.9403075129805827
24,0.10408690756819194,26.195807715757034,0.9470981913737155,0.10346854627036933,23.938767742139383,0.9391402112758586
25,0.09874595480353386,26.226831964721313,0.9473073604446799,0.09905507343322119,23.97637677704265,0.9396331393484549
26,0.09918785983851114,26.283710877718164,0.9475236768470826,0.09867663681514195,23.99993960790563,0.9397820973463713
27,0.09912818787313538,26.318051647576702,0.9479267851805723,0.09855537757940688,23.93737302345442,0.93865538907511
28,0.09986441270033275,26.362031469194843,0.9478791408431064,0.09943153453292924,23.930375720264248,0.9388423945080772
29,0.11219660411622437,26.39885180845585,0.9481941438828925,0.11748936739326978,23.918571994392487,0.9385684240666164
30,0.09501821110568184,26.443036696557392,0.9484003823257585,0.09513943734350636,23.943024448574104,0.9390024304584618
31,0.09617234524539317,26.470329958632615,0.9484913763502286,0.09575751268725484,23.932579473072362,0.9392450662068211
32,0.09746355084266746,26.50517880210778,0.9486007303063708,0.09815725034414603,23.938813511900765,0.9390487667398022
33,0.10042818445709746,26.534592336250846,0.9488343802315021,0.10099101289038794,23.913218046621527,0.9385155316593394
34,0.09208290772146083,26.569412422863504,0.9489392755663687,0.09164785534694801,23.914149876849603,0.9387326542885673
35,0.09807998781142672,26.605718880355866,0.9492002763479308,0.09763428219071733,23.973972999973586,0.9396077236261711
36,0.09052279823308539,26.639465199194618,0.9493336076442266,0.09061066538611409,23.906905607116517,0.9387746532000084
37,0.1097852745415397,26.657744921833416,0.9494464832276663,0.11191230189193933,23.89253216030705,0.9385812626152255
38,0.09230860869460555,26.694216247173625,0.9496432332246472,0.0921229513105554,23.931639986070607,0.9390934730066315
39,0.09313906648400758,26.720020997964077,0.9496673258609197,0.09285631083729196,23.930800065249997,0.939002448652984
40,0.0948654706640828,26.74654865054976,0.9498215206321251,0.09628952696211092,23.886137626737593,0.938220238669491
41,0.09182876349058579,26.762246503211525,0.9499585882493119,0.09205358505804236,23.889003517778775,0.9383189688257138
42,0.08806912897094474,26.801252196840025,0.9501039625287001,0.08841091193150961,23.877834202340615,0.9384158493848209
43,0.09533713376671225,26.826859027305247,0.9503220086980052,0.09488721072200981,23.87870784170069,0.938269934436325
44,0.09446532922363372,26.856489260223427,0.9503918139578408,0.0954342655918283,23.926163534013437,0.9389240060065911
45,0.09272651899178322,26.882979091546563,0.9505792460838804,0.09230007015588901,23.881903718561528,0.938456297311876
46,0.08879793326979851,26.89183536186972,0.9505985718760434,0.08834325874301803,23.90161202950627,0.9386920135457805
47,0.08912820994306347,26.926667233537245,0.9507785785620825,0.08865057203557551,23.898445597735506,0.9385422334599339
48,0.09034697044312588,26.948949747975803,0.9508538594573821,0.09022935248237607,23.869344109752852,0.9384273545696552
49,0.10063694229850086,26.979064891284853,0.9510722004424504,0.10089310087038186,23.83669999117124,0.9376382531763263
50,0.09164182374068648,27.002854075687612,0.9511071713215182,0.09124541286408812,23.86607364455165,0.938203033317658
51,0.08962183494815082,27.021625857669516,0.9513748464995546,0.09030878668284979,23.91092380934343,0.9386380209986812
52,0.09044483513935743,27.040655363808273,0.9513120037599437,0.08968208598937669,23.85774301698654,0.9381577948171438
53,0.0858486266305468,27.060153678876716,0.9513888378151065,0.08504281743330118,23.87992825424276,0.9383600706991249
54,0.09311994868081232,27.078892172834752,0.9515645295416576,0.09347108823215525,23.88145968183082,0.9385070460290256
55,0.08441597902373199,27.1027113974155,0.9516603699065412,0.08408566324934745,23.867542356586224,0.9382003290999376
56,0.09410159395710235,27.12153798642318,0.9517514983411479,0.0942128166564658,23.869247549000985,0.9382034100990476
57,0.09007133624650125,27.141598253684542,0.9519147653487703,0.09005750539455142,23.8931333300777,0.9387506699251489
58,0.09168158410899359,27.158385210577368,0.951952347574599,0.0919167041308457,23.873650642676644,0.9382987453048663
59,0.08972968555342625,27.17940602193008,0.9520958276351951,0.08936828391050844,23.83970941032911,0.9376724915865261
60,0.08178870287857673,27.19437546972145,0.9521818044588009,0.08185417105376432,23.870943962625255,0.9382794451374135
61,0.08981667183934193,27.212751118978826,0.9521695726559964,0.09013256403779149,23.85407221375957,0.9380194039897283
62,0.08717571802030043,27.239100780986647,0.9523798784682059,0.0867690627360421,23.848831535830406,0.9379848563287189
63,0.08457680677216063,27.245482446702596,0.9523914121236258,0.08423236502412,23.871446764198186,0.9379716662265082
64,0.08163898775553634,27.25928034588227,0.9524364075353596,0.08130910501203803,23.831038045158024,0.9376345000900191
65,0.08969350619512087,27.284168828990683,0.9525845687329095,0.0900530636549962,23.84881703042047,0.9379401003399153
66,0.08656425618684696,27.307517351227787,0.9526982645225648,0.08649112369365114,23.856985458379576,0.9380397546497644
67,0.08373642758381075,27.31096472045017,0.9527454929112997,0.08301441046803973,23.859839285065068,0.9380436173892904
68,0.09282314973106655,27.33519327301384,0.9528097515545875,0.09340391942135734,23.81951912107884,0.937540493595618
69,0.08714003302957565,27.34788472181883,0.9528774824065925,0.08702756724923519,23.845298015784966,0.9379094667737651
70,0.08503109321980616,27.35619436580595,0.9528960022120845,0.0850598234187076,23.844443582578958,0.9378362844607935
71,0.08973095470744423,27.372968041045798,0.9530578651625167,0.08990219455878892,23.818457784028354,0.9374423142232465
72,0.07916570532355013,27.390245418561626,0.9531010952038588,0.07855729420175986,23.868082586569773,0.938234163148238
73,0.0794447972743197,27.39532100582755,0.9531248455171293,0.0793569623000746,23.83839273124186,0.9377654924589608
74,0.08332201754650438,27.413806799458243,0.9532170300762218,0.0828635838556543,23.848907740391628,0.9378432818233775
75,0.0877865847725826,27.42746987574441,0.9532971714830331,0.08769512928766501,23.85087376272036,0.9379592115864539
76,0.07776625082951395,27.43774911292114,0.9533301075346191,0.07703277568068848,23.844364617594486,0.9378407869896465
77,0.0812122702929867,27.44635878029454,0.9533079877901243,0.08075153154719111,23.83663714759651,0.9375422436349404
78,0.08354651497027976,27.458759241880628,0.953427315704254,0.08369485454057256,23.81634503172052,0.9373901356448415
79,0.08106504672951192,27.472007088639398,0.953507782619864,0.08000374564347741,23.81138359810701,0.9374461816214145
80,0.07882516300053476,27.480977597574924,0.9535512003895796,0.07855635424808544,23.843837868576788,0.9378905012202877
81,0.08029442053457432,27.49395222631223,0.9535894068958822,0.08058309341590056,23.822351303800097,0.9375819518236502
82,0.08816665171599139,27.504054461874134,0.9536146403270913,0.08864353599537937,23.82490183017042,0.9374943347278019
83,0.07931219095604658,27.51205331034404,0.9536771607218232,0.0792212491765857,23.83299140246477,0.9376359184368768
84,0.08158513847918099,27.522734117602372,0.9537158628217894,0.0814079423419213,23.82875451039287,0.937558976985022
85,0.07959227660496973,27.530145334594305,0.9537600806348602,0.07993084175001723,23.826475299459986,0.9376281500169644
86,0.08272585151372516,27.53757248194802,0.9537893731884713,0.08253396869688501,23.818595855289654,0.9374492021906442
87,0.08809499495488478,27.546858989219636,0.9538618160085524,0.08870348913983905,23.8108935679059,0.9374169809833885
88,0.07740145827295847,27.555302376519645,0.9538956428626173,0.07724712137175592,23.81829277436341,0.9375198717310479
89,0.08380698218806164,27.562622184421638,0.9539121312627004,0.08370556801155693,23.818323744817928,0.9374676483395578
90,0.0843601261912511,27.569484810514897,0.9539776838781087,0.08460881038447063,23.806798302864824,0.9373227036100443
91,0.08222365514314901,27.577153969327444,0.9539978572996478,0.08249686523253179,23.80950303244382,0.937405884629239
92,0.07826991810361641,27.58271534226561,0.9540307073933356,0.07829706141734774,23.81827908528972,0.9375126496273735
93,0.07695013738973056,27.588423630511322,0.9540640307751411,0.07701569800973804,23.81118436860831,0.937425619582384
94,0.0835443818281278,27.593598881072396,0.9540715652753915,0.08323318805925473,23.80899721119612,0.9373575615999189
95,0.08557060445241077,27.599842596172,0.954121046943371,0.08496533983651257,23.80412510588479,0.937309735344933
96,0.07780872861862863,27.603360894413044,0.9541478254649183,0.07708068833819226,23.80911083551612,0.9373728184248861
97,0.0874865171169909,27.60771734794461,0.9541584132730628,0.08768187794284947,23.80804094258402,0.9373727073389272
98,0.07906300514552446,27.61033140095934,0.954169807415895,0.0784135491074012,23.807560682152836,0.9373798177418962
99,0.08234970188750772,27.61316225570639,0.9541845893959188,0.08381488876324249,23.80829970371097,0.9373913024626829
