,train_L1_loss,train_psnr,train_ssim,val_L1_loss,val_psnr,val_ssim,train_CE_loss,train_G_loss,val_CE_loss,val_G_loss
0,0.16599945949341544,23.357665081989104,0.9267875509840325,0.1642433779567054,23.311811133664364,0.9341138185805461,4.1821641997490255,4.172659668455621,4.154048204731629,4.144937565055655
1,0.17011389496666468,23.380728064975713,0.927013728745244,0.1673684695272661,23.33143535928147,0.934316360513248,4.203979185110733,4.193047342482311,4.171640652078547,4.161161549014984
2,0.16953107396146577,23.411175672197682,0.9271935231260002,0.18076027063002925,23.33865016023671,0.9345619249084829,4.119771622176136,4.138967893997962,4.176557956694316,4.194959219832829
3,0.16193111505633445,23.445443220919294,0.9274519611157865,0.16161333980942105,23.34823535998614,0.9346403731656557,3.9979676837221048,4.013953263721101,4.045256162532816,4.060579703828463
4,0.1665165039959866,23.497770800676527,0.9277498101509558,0.16437560972298243,23.384250023433754,0.9349256853710515,3.9846610384776464,3.966512690085962,3.9309746668587606,3.9135779276697407
5,0.15617923625940294,23.537847138956455,0.9279199676612183,0.15422421889447324,23.427536627062494,0.9352936019348657,3.8972461519611854,3.888584160904224,3.8716222846644475,3.8633190277496405
6,0.16974018388411413,23.579218267121355,0.928136743662674,0.1679146058057128,23.448950881914854,0.9354246573008917,4.057866838588658,4.05218682169531,4.041064235334823,4.035619454887029
7,0.14689340034970605,23.634908839256667,0.9283623594200717,0.14411085808226032,23.516998482056138,0.9358147611705405,3.6540223812601256,3.6531024980906355,3.651301186547673,3.650419400104157
8,0.16340258964224105,23.664289402221666,0.9285633602087568,0.15915388804728448,23.525806241239998,0.9359002509644745,3.7660085280005418,3.74502261833296,3.703928093965541,3.6838113103744496
9,0.15130382338941062,23.684046270508194,0.9286718822233578,0.14866060852953686,23.528517551569472,0.935961788830689,3.7319003140841445,3.724021337307663,3.7085927564998653,3.701040085529564
10,0.1605260724502806,23.70522419624069,0.9287845685120628,0.15719612233206373,23.524469301259558,0.9359514654920268,3.7932134732350535,3.77910244117562,3.751470274640965,3.737943647361848
11,0.16606044940420184,23.726513033324515,0.9288662559652526,0.1658102922693723,23.51637061752945,0.9358808017410749,3.906694373454866,3.9202094296541716,3.9466745586434264,3.959629892250091
12,0.1472379050411441,23.745608977661746,0.9289289263399585,0.14658182937755165,23.52113453857798,0.9359124404146829,3.6100697973063043,3.597822824107487,3.573840850177455,3.5621010822384407
13,0.1589544082767063,23.768845652412793,0.9290466602659471,0.15665381500657832,23.518560576869408,0.9357965573118006,3.7319780371026843,3.7339065745370124,3.737683028826764,3.739531696376955
14,0.16032349208159363,23.784063158653094,0.929115028013441,0.1651033482456632,23.51870545895206,0.935818042812547,3.7680109499001877,3.774866182236961,3.7882900707779013,3.7948613954223864
15,0.1650970280007152,23.805778617557838,0.9292314213023725,0.17375213768160516,23.51608744208425,0.9357791654194243,3.7062222697755973,3.7109370876633507,3.7201696251918777,3.724689180103803
16,0.15047983359379957,23.823775163795187,0.929319086160765,0.15608025416130605,23.519685448956857,0.9357781576796742,3.5502445177063944,3.590316360152169,3.6687848817421154,3.70719715909139
17,0.15442942550815203,23.840143554753286,0.9294062929925183,0.1559912448846955,23.507914413148985,0.9357307053868446,3.5069373784620863,3.5066061643585633,3.5059575822259013,3.5056400852696847
18,0.1501872678280743,23.85663121666564,0.9295075101460822,0.14874558765001347,23.514884618528015,0.93574761279303,3.5892098789703013,3.593418669050642,3.6016603049508062,3.605694789067421
19,0.15004905759617865,23.872293351216825,0.9295814166089639,0.1486742078090645,23.50355860834169,0.935625567685241,3.4674875385403077,3.4581678263926197,3.439918003343865,3.4309842646889273
20,0.15703100979388007,23.88817473402929,0.9296551551162002,0.15641268066741007,23.503061346524046,0.9356872302649439,3.5679287041630805,3.560031872436481,3.54456832813678,3.5369985416745484
21,0.14168040614027008,23.903433504843335,0.9297592871332306,0.13891810789753503,23.50746898368573,0.9356401934833197,3.4110341524347763,3.3922679145426935,3.355519942567369,3.3375309036134304
22,0.14413932343048033,23.920260939866793,0.9298099393656232,0.1388065184312715,23.49967477967494,0.9356194992847031,3.4864053593537867,3.482127915176868,3.4737518410994026,3.469651546178045
23,0.144548756312815,23.930153464982194,0.9298913228621394,0.14847509489185057,23.50450814602192,0.9356309029924533,3.5058054060360324,3.507999913413509,3.5122971889820547,3.5144008113982874
24,0.14079850031975447,23.943563329505416,0.929966752703968,0.13719593351590584,23.50882822042691,0.9356518163322355,3.429008185494113,3.4103890318804715,3.3739290797508534,3.3560810336176177
25,0.1498683105173599,23.957207304370097,0.9300125132804893,0.1494912923056223,23.510853308323465,0.9356370673863786,3.513422952612512,3.5262159492065397,3.551267143964979,3.563530321880072
26,0.15405450420253833,23.96856246137971,0.9300796911285868,0.15189550503554267,23.498670942237897,0.9355386552090151,3.5945890932066247,3.6000806093752424,3.610834074370566,3.6160981608028884
27,0.1563997770544574,23.980401084649564,0.9301497455626498,0.15424144957126962,23.499662756799573,0.9354736095193593,3.5866294510150873,3.5826312845634556,3.5748020910105356,3.5709695075989676
28,0.1419544556012939,23.99276655361206,0.9301907922004848,0.14077496566178577,23.511870977742376,0.9356153586107807,3.495407569867169,3.5016117173665067,3.51376065418312,3.5197078585020343
29,0.14438365036617068,23.999147720272372,0.9302595947152478,0.1409719962999771,23.518053071970304,0.9356824852968366,3.5041240279043486,3.492183576288468,3.468801831696057,3.4573558908270927
30,0.14795438244812945,24.008926872577742,0.9302786988046732,0.1502405424590087,23.505210002046034,0.935563424155932,3.5196910765696328,3.5732117462547377,3.678015707549432,3.72931983240082
31,0.14118743955100757,24.021843691208,0.9303288777925653,0.13748882852190283,23.505960817104565,0.9355604166563602,3.3373280371378007,3.341367163844709,3.3492765656056687,3.3531484129140265
32,0.14512600402731504,24.02888946888741,0.9303819726254117,0.1413750089784426,23.510877522628448,0.9355462704624374,3.3647983327663713,3.342082008082129,3.2975989919507454,3.275823458037922
33,0.1567253227337958,24.04032314739101,0.9304274405776852,0.16159972722849486,23.512176137026763,0.9356282358887339,3.410412266747023,3.4113342277281715,3.413139608033613,3.4140233862367486
34,0.15930222773180297,24.048085113136278,0.9304897156213253,0.16162593626149302,23.512468153388795,0.9355696998794824,3.526117147340084,3.520062338347269,3.5082058355967747,3.502401784968366
35,0.14212570036948496,24.057655248924007,0.9305276358085823,0.13845205270343952,23.507323101185627,0.9355184043810684,3.3743878016017606,3.351180839361224,3.3057370587296537,3.2834912068893263
36,0.14602980842556454,24.06411560196961,0.9305675638709474,0.1460662087486848,23.51150596804012,0.9355652308654873,3.350207409401905,3.3449196503998926,3.3345651818731876,3.3294964140565773
37,0.1360288643724797,24.073746404169245,0.9306000853900807,0.13505759994537658,23.501330485322594,0.9355517569563847,3.3803727163817467,3.3885623570750893,3.4045992787222294,3.4124497475428046
38,0.1355306672891871,24.07729166315773,0.93064373679106,0.13484401752714648,23.498047899768203,0.9355214374902004,3.26994399636855,3.2751375358515196,3.285307504092912,3.2902859544677403
39,0.15018155989199922,24.08655777485204,0.9306751915652243,0.14899527560835835,23.517303554544732,0.9355612081564189,3.3962942068195954,3.398637333289264,3.403225634169663,3.4054717206564304
40,0.15301810550227848,24.092457236232946,0.9306815699713296,0.14937000696647038,23.51410464227952,0.9355746888019997,3.364859622529606,3.3338184709013503,3.273033811947505,3.2432782216673983
41,0.1504219062888667,24.10096146889746,0.930740842872626,0.14858264010894523,23.514801103921666,0.9355411755801769,3.3642945190588422,3.349901432764064,3.3217169487539753,3.3079199484434656
42,0.14333341365568644,24.107454717185107,0.9307883019518586,0.1453470376772301,23.507833362071615,0.9355739490636926,3.452813898098399,3.4581051502306486,3.4684664589910117,3.4735385752707653
43,0.15446010200887553,24.11236731313197,0.9307830502680825,0.1575270727872502,23.513205139476025,0.9355435408931175,3.299653988463839,3.2989224966802158,3.2974900923954924,3.296788895156826
44,0.14989610332172806,24.118742487471533,0.9308603774579973,0.15285536602853192,23.514227147477108,0.9355804465236034,3.356745710702477,3.364533946495745,3.3797848386731797,3.3872505266748583
45,0.13844513212046572,24.12634475754263,0.9308565896104609,0.13526915650654836,23.519141555978837,0.9356149184678404,3.207279777170423,3.1819388437094553,3.1323163291699228,3.108024883980962
46,0.15332768565194474,24.134579265943476,0.9309008519167992,0.15833783824076222,23.514867574883624,0.9355723810494104,3.368413742441034,3.3758507242930755,3.390413792407815,3.397542773560321
47,0.15798866805312478,24.140753017920282,0.930943673972211,0.1535326208610642,23.514336960388658,0.9355742403281292,3.362590068436149,3.336573465051743,3.2856278563708123,3.260688723955321
48,0.14874554184963795,24.14116603043709,0.9309318344092756,0.1471507236310273,23.511253444698497,0.9355946792852649,3.449638872278043,3.4564093372496525,3.4696672346751987,3.476157302573248
49,0.13474704977456212,24.150776707843622,0.9309891892469874,0.130055757470258,23.507311637087287,0.9355705975281291,3.209306893744804,3.178131095118081,3.117082770950426,3.087198110042824
50,0.13912594596940578,24.151899050366914,0.9309873638785583,0.13638860216474405,23.51256940510913,0.935531770438239,3.181017591381078,3.163442114661603,3.1290258864514344,3.1121782936009748
51,0.1473190614790047,24.160773475923957,0.9310225122674382,0.14752412818752833,23.520450311084016,0.9355315528271476,3.4306235638495925,3.44030418549531,3.4592607400794675,3.468540441257967
52,0.14517955162675816,24.165466653116642,0.9310592717273265,0.1457695277643868,23.513253906288032,0.9355810127323269,3.2940784693587397,3.298709408125974,3.3077776938962176,3.3122168435199275
53,0.15197159544633232,24.170469728801017,0.9310658267996689,0.1544465091709529,23.512738085845864,0.9355507916884526,3.320817089774145,3.3246308639686926,3.3320989813413586,3.3357548090539653
54,0.15252265370020254,24.173037484311152,0.9310848363991576,0.15182754440914312,23.51504948203674,0.9355771442883254,3.3578947789181988,3.370859863700051,3.396248040859534,3.408676179974207
55,0.1515075536324955,24.176718225079163,0.9310953919766559,0.15123166060509943,23.50917495855376,0.9355173945331579,3.464554765960555,3.4627345777283183,3.4591702924127055,3.4574254868101386
56,0.15428422544185205,24.18310227825273,0.931141857728796,0.14900774077356402,23.514924596903697,0.9356066130186044,3.26826672409424,3.2289613570500064,3.1519937445254573,3.114316199195187
57,0.1541728534619036,24.187438834323498,0.9311407616589998,0.15646675254789116,23.516580047147656,0.9355814002186585,3.3172082908050853,3.322721227387317,3.333516637750898,3.3388012574758887
58,0.13991888255245447,24.18901058657692,0.9311737173053564,0.136887008917234,23.519930702861416,0.9355653794463205,3.3026490495117047,3.2988540523761887,3.2914227041654094,3.2877848758647414
59,0.14762519453251838,24.195897998787704,0.9312054699475415,0.14450916420528526,23.52018703651695,0.9355777282986117,3.260812351458437,3.2416259367289366,3.2040551761512885,3.185663361876088
60,0.14586724725102246,24.196590648598924,0.9311902112306807,0.1489008812320742,23.523273203741475,0.935609659084332,3.186461030706746,3.1987541617108115,3.2228265216704486,3.234610535801022
61,0.14495752817258048,24.2032186636469,0.931222352989312,0.14254933387548369,23.52617847999283,0.9356131718883364,3.2436444504714026,3.233659793063485,3.2141078768659295,3.204536731488488
62,0.13386754979740598,24.203517335240267,0.9312234860792238,0.1320704850108005,23.52103536328995,0.935575344723674,3.1998785301959676,3.1888815684921874,3.1673473620716925,3.1568058367216527
63,0.14191633518276633,24.206749055026627,0.931238956492528,0.1384773813703448,23.516855895613205,0.9355904218616631,3.2268391994096093,3.2123746074629675,3.1840501013714215,3.1701845567973144
64,0.15857200162643048,24.20768155675616,0.9312457572103986,0.16608801877586463,23.52880485434529,0.9356172297228468,3.4171906875573637,3.41750111665974,3.418108997686298,3.4184065704468702
65,0.14963039170280987,24.212006661242878,0.9312766036382588,0.14823789279722255,23.52574108662174,0.9356096148079952,3.396443914012374,3.3918692255490557,3.3829110888989407,3.3785258599872106
66,0.15129056089994825,24.214613422446956,0.9312786065257558,0.15685804598224842,23.5210910074716,0.9355755725885647,3.3967096857954955,3.438941817203331,3.5216406079976283,3.562123706494634
67,0.14429306555294513,24.218312402425266,0.9312892704329837,0.14456982408721672,23.525197990383376,0.9356004394815604,3.2492297876731997,3.2602337595038073,3.2817816931266153,3.292329938280875
68,0.14762450214548573,24.22132238008495,0.9313252013273103,0.14623045546461436,23.526017273026117,0.9356053598080549,3.3345764670635516,3.333972857073063,3.3327908704041276,3.3322122587668708
69,0.15262900267031487,24.223576974245557,0.9313266209696495,0.15718445787183255,23.523079966319674,0.9355850430831103,3.362269967462361,3.3732839432660935,3.394851466629059,3.4054093014444575
70,0.13421621524222857,24.224610866319164,0.931345754604796,0.1332758959616944,23.521035138723775,0.9356012934383339,3.154282166259627,3.145865861123185,3.1293850860702244,3.121317340056434
71,0.1430508791408582,24.227885666587646,0.9313482087928242,0.14067377145243465,23.52183564273647,0.935574355366066,3.2435370601130837,3.2378535439646767,3.226724105376931,3.2212759705948306
72,0.1510212433178894,24.22942458990615,0.9313841808207535,0.1520030158029272,23.523073329788296,0.935585228078319,3.3678514362196177,3.368311103781916,3.369211222963737,3.3696518535116176
73,0.13830443155191038,24.23170147078611,0.931361268728934,0.13539745839041337,23.527222467570972,0.9356235232694761,3.1611095583481776,3.1419971483964306,3.1045713036785596,3.0862504292921873
74,0.14122623560649805,24.234267774255883,0.9313881271061903,0.13799956375074313,23.52287146827794,0.9356116263169774,3.3119217929657663,3.3122884274455444,3.3130063696173084,3.3133578200239646
75,0.14536070755767216,24.23612267108831,0.9314040618844865,0.14876901172428128,23.52678974231087,0.9355965465811521,3.2215283322705255,3.2249601792748965,3.2316804083514676,3.2349701262907056
76,0.14450436941507233,24.239506836442942,0.9314169847794381,0.14290953438843856,23.528646880617483,0.9356118217854456,3.222130062544589,3.229358729294087,3.2435138756082864,3.2504431689748925
77,0.15691227634771274,24.23888510454242,0.9314226113274563,0.17169372540046765,23.52343640665164,0.9356091519149724,3.488930842665491,3.532155381409556,3.616797500280029,3.65823190581749
78,0.14128337747643424,24.240847504982757,0.9314174770597896,0.14084961936681722,23.524477882919804,0.9356289895904298,3.0757939821250924,3.056720551578893,3.0193710361770485,3.0010875268741217
79,0.14181059771962848,24.242881758692114,0.9314381311888534,0.1412854027795031,23.522927337908936,0.9355993894828082,3.0827860883347977,3.069424443995175,3.0432597254959024,3.030451450236024
80,0.14062811747288095,24.243298574052588,0.9314459765736498,0.1394006810528794,23.52273696896434,0.9356100222186507,3.254761183313817,3.24807783992644,3.234990543638651,3.228583989206726
81,0.14331717999033664,24.24722615904423,0.9314505319368374,0.1436064641026418,23.52677015218454,0.9356189872751706,3.276986754528492,3.2871659305885674,3.3070987524327027,3.316856360522119
82,0.13958467735650865,24.248073118453643,0.9314657459883443,0.13802491737039072,23.52426550160399,0.9356036526230823,3.2023535384695365,3.1888622508610474,3.162443665431254,3.149511116045301
83,0.14265177362833803,24.249653270046377,0.9314658906016696,0.14382985051129293,23.52546541276921,0.9356195863682403,3.1528448725582536,3.158669035030762,3.1700738866877782,3.175656842962473
84,0.1400785107811927,24.251188002152197,0.9314747639885699,0.1381974379110417,23.520870520169254,0.9355870838956223,3.1333570838570273,3.1180893373838345,3.0881920973110146,3.073556660649466
85,0.1405437767471991,24.252065827466723,0.9314890770267021,0.1392430628899718,23.525201026050787,0.9356144620923926,3.168493138674845,3.1611421812246387,3.1467475657494743,3.139701046320223
86,0.14360600196207524,24.253258311024165,0.9314869715254557,0.14508119551922516,23.523485063893407,0.9356010284864843,3.254809443934753,3.2532441435227972,3.2501789785173076,3.2486785046211963
87,0.13669043482098384,24.25476453171968,0.9314973050640772,0.13934072350365806,23.52465104897817,0.9356253838816617,3.1971711376835312,3.2078351110911365,3.228717261162015,3.2389395888409216
88,0.15945058075089755,24.255504431530284,0.9314990987530899,0.15547054701519375,23.527145460656737,0.9356205625043444,3.350917634708483,3.3198186644514402,3.258920785289979,3.2291097709247953
89,0.137158980423086,24.255896381777205,0.9314988182723796,0.13736804334117297,23.52496548804157,0.9356235498709901,3.1769191839220094,3.1836749599050544,3.196904093411949,3.2033800806621344
90,0.14708740912633814,24.257363299969306,0.9315166504581953,0.1504115728695777,23.52566197474077,0.9356226416103983,3.194047709104394,3.197387037594932,3.2039260972877894,3.20712712834376
91,0.1508051728496764,24.257978070310983,0.9315126447122546,0.1565563434476978,23.524461228820904,0.9356022519148756,3.2542996605546635,3.2570234943138563,3.2623572946857724,3.2649683215671295
92,0.1377666429108482,24.25925173994551,0.9315234674557993,0.1351363444141742,23.525418863843836,0.9356090630317453,3.175175133639298,3.1672441718653936,3.1517137942435816,3.144111291221217
93,0.1406275639900368,24.25962727191429,0.9315188755623398,0.14188494204483185,23.52557138815008,0.9356051373429863,3.1967888796518897,3.201854511663515,3.2117740120061513,3.216629852164817
94,0.1421374768575793,24.260544172186933,0.9315287471778645,0.13879006372705252,23.52508134438227,0.9356024258295477,3.172538001754927,3.1565537079047967,3.1252533276246464,3.1099310192123397
95,0.1482415285260275,24.26152321536196,0.9315332251789803,0.1500893735048387,23.526364675245482,0.9356118570282839,3.349790500209361,3.4003771396807343,3.4994356947470195,3.5479273014948656
96,0.14771042971753262,24.262072441288794,0.9315391475863388,0.1520664389991789,23.525675431061803,0.9356044842275719,3.3381264283065715,3.356025312500343,3.3910748359330496,3.4082324424200507
97,0.1553364480613947,24.262169998893388,0.9315371823512664,0.1530847342116669,23.52509202684036,0.9356025874500175,3.3193208864723425,3.302010206988976,3.268112503667365,3.251518741543268
98,0.1405998219974065,24.262661809418663,0.931536440360491,0.14241885960230333,23.525747213492895,0.935604622377515,3.1650643846912767,3.16526107073846,3.1656462205693106,3.1658347609142017
99,0.1446786520603827,24.26310913056207,0.9315430639985951,0.14194329429763147,23.526063002957162,0.9356083775137675,3.1811711081100977,3.1663734373051136,3.1373966975254763,3.123211868468677
