,train_L1_loss,train_psnr,train_ssim,val_L1_loss,val_psnr,val_ssim,train_CE_loss,train_G_loss,val_CE_loss,val_G_loss
0,0.1470790381185505,23.514366276496517,0.9281456723381657,0.14570565431325525,23.611649924115888,0.9361877073574317,4.217603878149337,5.697071637516428,4.270548292904489,5.735922593854427
1,0.14411504540074763,23.76294237778303,0.9296506476026695,0.1430068248133039,23.698519050546757,0.9371342343136027,4.065502528181476,5.500290032521789,4.068688946696723,5.492657765770529
2,0.14432079003021225,23.844670239193874,0.9308474492177387,0.14384690114671922,23.67819954501515,0.9374270826331498,3.9909264781856795,5.424288274759205,3.9712111722504315,5.400241856322887
3,0.15204421226093742,23.94516353511121,0.93175960996436,0.14793897963835986,23.644586654895857,0.9373306923528643,4.073578221482811,5.54993835912491,4.024704936065834,5.461838395924484
4,0.14354617575379747,24.00037000165203,0.9321571953978479,0.14152301997772143,23.688092675378343,0.9378165292463287,4.086098128877227,5.504961490882024,4.077176715218392,5.476495943935524
5,0.1390065700302773,24.0733935196521,0.932673703194985,0.13668541299129805,23.6372315919914,0.9377469838938944,4.0105102141685895,5.382775354960555,4.0039508367621846,5.353741614013808
6,0.1392666593437809,24.179134481021066,0.9332269890698498,0.13990605598958106,23.851415061560868,0.9390388718910361,3.89181592275202,5.301519873829343,3.929517304336455,5.344909624066701
7,0.13840691894704027,24.30298305729624,0.9341873984261347,0.13748469733042354,23.85106076811029,0.9388684542339321,3.8818578001072073,5.249415628730223,3.851329252300494,5.210348685945462
8,0.12646409861359256,24.48892597089296,0.9353819008089598,0.1285290007502883,23.962321708649863,0.9396957019418904,3.6955150587473535,4.996612081053594,3.7623501589077577,5.082586392581241
9,0.13279385964665846,24.621749693034072,0.9363968478946301,0.13018690606671843,24.113661566226817,0.9410058445123357,3.788673252115489,5.08338380691854,3.7421522608200344,5.012169413748441
10,0.11989904161403292,24.703356895672282,0.9372576609759099,0.1217602666016239,24.09509892762472,0.9407670503122187,3.628848483850856,4.840628890602702,3.6297198908703927,4.859582858248232
11,0.1230070037094046,24.772616822883013,0.9375292849430791,0.12217849468422605,24.097482923537125,0.9408973590591562,3.647331423993402,4.8744499224274715,3.6550544198718486,4.874010065272142
12,0.12613988699411122,24.830377332077767,0.9381385397709641,0.12455237113574524,24.093317007194106,0.9408516855927122,3.757382463204937,5.01022588985078,3.76360184439845,5.000924436423024
13,0.12024344324999378,24.903110841900634,0.9383049843124789,0.12101755174402407,24.08115768668874,0.9408752832357911,3.666069284955088,4.875961642622484,3.6727574682885384,4.890082045303167
14,0.1283915874246895,24.97097197866679,0.9387544195412263,0.12615910512042425,24.106424480181488,0.9410629246964122,3.8019523741608117,5.059664412215478,3.7687733627540836,5.005245801699561
15,0.11883596509448674,25.029123466674335,0.93920588720706,0.12033358571400948,24.073217691022545,0.9407782392312587,3.5897930329246788,4.790233262564704,3.5957870886001473,4.810703198018813
16,0.12259632096443765,25.08342740997811,0.93941219784869,0.1228323909572482,24.045500691608442,0.9403813362129405,3.623411791263914,4.86446884779192,3.6633739787119297,4.906166629831892
17,0.11671255132588561,25.135411750729926,0.9397137067975895,0.11960656787637002,24.042927450265267,0.9403487266964545,3.5560171539391567,4.7576043591426265,3.600486423974147,4.829586567595745
18,0.11960382838836159,25.170167518441563,0.9400176090262365,0.11963732234845668,24.03320726605506,0.9403464707920367,3.562797629150524,4.757330950506064,3.55768040220308,4.752610996968678
19,0.12242832538115339,25.220622045807865,0.9402287437384598,0.12166982113715373,24.008874791498403,0.9400193518009903,3.5860372838202323,4.797904870790182,3.564373230233825,4.7691699639591
20,0.11750622860543394,25.273913228150718,0.9405329382509122,0.11791230021592576,24.0484878841785,0.9404205238522066,3.5179861713352416,4.7005704287106855,3.532172996230102,4.71850645906787
21,0.11607072492120328,25.321966529600914,0.9407012362461549,0.11697056233005124,24.033834202370183,0.9402311569620335,3.627781728774248,4.79211578829773,3.6206397789674107,4.7938219992847415
22,0.11397953427257464,25.355444316772417,0.9410395993112445,0.11112986495712052,24.066968966392388,0.940495381864712,3.4558901992989113,4.556625738752959,3.3969380357910195,4.470794535695096
23,0.12044790205659221,25.38583831413429,0.941198420992135,0.11925022219993853,24.006424084376373,0.9397231502973928,3.560473864179389,4.752149872251096,3.54638602420216,4.726615462872314
24,0.11093301247461611,25.43598486779885,0.9415467691823926,0.10916001397177094,24.097988330890864,0.9409142132682204,3.5169641853288875,4.6226855064893675,3.5415003666526967,4.62964115552435
25,0.1147230755874089,25.471224766730685,0.9416949754273273,0.116004940525144,24.078189204145115,0.940612010380823,3.5290510962245314,4.695610908889342,3.5607724401741017,4.739350401683047
26,0.1125816211364175,25.50022751607903,0.9419603854034774,0.1129432109870266,24.059407447059595,0.9402329013092655,3.5025140865810314,4.63403905936479,3.512220520641609,4.647124966890093
27,0.11477336943305332,25.53797580752181,0.9419306191796374,0.11216268508549201,24.01208151667897,0.939777654799813,3.5879381310582192,4.7012008583757625,3.5378144279946255,4.626397916259447
28,0.11207546684476764,25.55824181973028,0.9422916833616698,0.10991842984102468,24.061555129350282,0.9402292912720374,3.4936947132094587,4.581697045238212,3.4396455891633453,4.507433979548606
29,0.11916522004811285,25.588963779008644,0.9423496597826732,0.11859017233541222,24.03682615510822,0.9398756319986062,3.5793489894056276,4.76310625926231,3.5674146685112915,4.745748423451783
30,0.1047744148974666,25.616876232901845,0.9425984485724299,0.10863700594760059,24.00948698195108,0.9394582183183012,3.380009128443208,4.466819145413158,3.4188625867183595,4.5426806050962085
31,0.10533895960736195,25.65312326169611,0.9428060278224385,0.10237488014042091,24.05087038223247,0.9400362285780611,3.2928741608064045,4.296760510355185,3.2053004683282422,4.181596185021097
32,0.10964392060332573,25.67167997526541,0.9429003203896218,0.10734386643198375,24.00188484992925,0.9392840495714159,3.4869921126241334,4.549688306937221,3.432852757036768,4.4739458662857965
33,0.11770609950396055,25.614592523480326,0.9424662178842383,0.11752944320757026,24.006077781507003,0.9398792200916568,32.681947836271775,33.45099415344931,31.478465518152184,32.26264308715793
34,0.11962343570189347,25.143434636077636,0.9400371092047856,0.12136101950960995,24.00151847503176,0.9397940323790545,3.6155649168887085,4.819927206808077,3.605100499472463,4.826502017379954
35,0.11693709666873037,25.16494694969153,0.9401785819037091,0.11654505654960017,24.036026995012907,0.9402096018460783,3.5215104039094984,4.693051260037155,3.5357152617442,4.703245858670407
36,0.10611578073154769,25.167368665878676,0.9402214887532171,0.10428164689748763,24.063093311739244,0.9405371537275711,3.4171746459677252,4.469410174560272,3.4272066920180912,4.461470406341853
37,0.1266007734889514,25.187015109799855,0.9403632503915508,0.1256479448092654,23.994319031597822,0.9398110923459883,3.713135157079196,4.966261587134096,3.6939528742718992,4.938084492237794
38,0.12052568475489643,25.186418342612868,0.9403431327646332,0.11801660966464174,24.050357926958036,0.9403635702341344,3.565336642543177,4.735386920548282,3.511018924436951,4.657436520752903
39,0.12774773708384177,25.202312779669835,0.9404656614358937,0.1273899341045248,24.03444834728895,0.9400620957617409,3.6714972892329834,4.9449957924710795,3.666832980564969,4.936918235324461
40,0.1180051114620055,25.218390963941655,0.9405179402196926,0.1162683630267485,23.998124614500302,0.9395300012749851,3.561257326252075,4.731808143366805,3.56764541977651,4.721222201842138
41,0.1250593064441679,25.235034732286493,0.9404855403349215,0.12624892638601298,24.03312641206584,0.9399266964728176,3.7432027507564585,5.012947819672279,3.7762322758345674,5.057080363869433
42,0.12049032450496333,25.2564325370369,0.9406624089190339,0.11994397091667412,24.054836556749365,0.9401313478536368,3.5427894885904747,4.7383166718463485,3.5259038741406177,4.716355823775494
43,0.11722584793248095,25.275529137186737,0.9407183019363553,0.11456775502930851,23.98635310806438,0.9392532056755498,3.544264157136981,4.682383060965721,3.4960622978275655,4.609014151626944
44,0.11356555401481482,25.295021125472708,0.9409314359092056,0.11434923635793079,24.04182069463654,0.9398939449405507,3.4762422854189836,4.620365043317957,3.4857260688689724,4.637334975138029
45,0.12176608374530595,25.32176045088502,0.9409376891507494,0.12257417890145667,24.044510496235503,0.9397775088026529,3.6362343385505187,4.867156622286739,3.659415472364646,4.8978694968992755
46,0.11134611479322618,25.337331408977697,0.9411161087280778,0.11411382346816906,24.06691571714171,0.9401574934047832,3.5210528790450746,4.669421335639087,3.5693488033781477,4.743948681812189
47,0.11010428003907216,25.360746431474563,0.9411912442830503,0.11234627861768585,24.043913282433216,0.9397987278485587,3.495705882595844,4.619519053767854,3.5185390063555144,4.663829131768457
48,0.11739680093117924,25.390000015949354,0.9414081737434574,0.11846081132750906,24.074285844675558,0.9401911671030744,3.604600335110916,4.793618526086441,3.6279905086380118,4.827025505390334
49,0.11476858913745475,25.423892160675813,0.9416056283778997,0.11030399429634086,24.03887864962805,0.9397174963407857,3.532694308873663,4.644787172981316,3.5160700628744035,4.584991051867716
50,0.11383767306437681,25.452037015720233,0.9417998215346538,0.11182607909487928,24.064922956855174,0.9401743384952774,3.450097378580767,4.557762150276497,3.399195650379569,4.488016412766407
51,0.12159121525431472,25.487427156297542,0.9418700105150483,0.12393470594301824,24.041953509603417,0.9398530160837746,3.622024288620558,4.868731519517693,3.6665804306067296,4.93544719810441
52,0.11723757512673781,25.522492950092186,0.9421530085368184,0.11392037926828118,24.033281405059903,0.9397516544311625,3.4835156237597205,4.600237045564315,3.384758709524166,4.470613082242823
53,0.11577783221152854,25.547181555143798,0.94233075946459,0.11932165896974674,24.07368085544014,0.9402593844931709,3.432372277091583,4.62754746364898,3.472619111501988,4.701683795182594
54,0.11012561056881047,25.58002358563426,0.9424006244257088,0.1072134317278056,24.055144654915754,0.9400278590379826,3.430199395200483,4.49810640992676,3.3893820798226977,4.429548453906509
55,0.1082031339499051,25.600892309117754,0.9425754992529808,0.1054438745717855,24.026092979918396,0.939486117314703,3.430792471987499,4.479288148430891,3.386386311302499,4.408678262396504
56,0.10892616558948469,25.628557743056945,0.9426944511480946,0.1102241449952782,24.069027439648806,0.940190853273734,3.4659690779286887,4.578425200810954,3.508805032959569,4.633280344644714
57,0.11114757275094847,25.651681068620512,0.9427754078344215,0.10947508375298882,24.040366741400327,0.9397183200526259,3.3816908044132337,4.473458573117205,3.356606483108147,4.432465557581319
58,0.10808296426651767,25.667669616091644,0.9428457720753011,0.11497488129419842,24.044152626696555,0.9397966180156458,3.3444826473094467,4.499509220017392,3.4270982541710358,4.647971150292482
59,0.10090389794717272,25.69727925344046,0.9430336619079458,0.10081693725994606,24.025780874817134,0.9395499747914423,3.308673622609442,4.322708718825199,3.3251801613052243,4.3381387451583
60,0.11445117412390649,25.710592804443785,0.9430820500017052,0.11507130467168092,24.035589452906123,0.9395612541056246,3.495249244020648,4.644622773512221,3.4973156851701286,4.6526891580810315
61,0.10626699829612131,25.73508908780119,0.9431896546134356,0.1070755532232858,24.029703511307666,0.9395680936446037,3.3780508821247848,4.4488079596019965,3.3859162958275246,4.464423987753253
62,0.10955896265688914,25.744025979393683,0.9432616732841043,0.10842432817473696,24.016446731001682,0.9394105267906904,3.4110976894973586,4.48888370889146,3.380964942908982,4.448141951166365
63,0.10778814766060615,25.75600786132712,0.9433898605616833,0.1067200444173894,24.0618530777332,0.939912062139198,3.5489902139051495,4.640380744034957,3.6101651735480584,4.690315193549562
64,0.10871799184191369,25.774070174771214,0.9434276865252285,0.10633630849938146,23.986181284545555,0.9388179904267925,3.5234375425514584,4.591543163104149,3.514312284655286,4.559391024625877
65,0.10675967180888218,25.783868303897854,0.9435334355201082,0.10503187461472345,24.062443252935672,0.9399208419002404,3.316136067721961,4.369613889606497,3.3086836349347752,4.3454682172009695
66,0.10309928732011331,25.795166779429632,0.9435787517374493,0.10223517818791276,24.04015996779018,0.9396828045552474,3.2909120373788356,4.316296053402864,3.2914811918926876,4.308456399807554
67,0.10893705882961649,25.806853795528752,0.9436270654441626,0.10840461378015863,24.016701052271515,0.9392402060709387,3.3635761672297977,4.449421666712774,3.3637226193279828,4.444389665138434
68,0.10257598875279353,25.81787640334295,0.943617786663304,0.10011295831131271,24.033951870186293,0.9394148405684817,3.2808060058472415,4.273627293251965,3.232282959452038,4.201838082431007
69,0.10820949265467951,25.825695139202264,0.9436935269103522,0.11170693094858448,24.05681554946695,0.9397219163061344,3.4037943611746515,4.521912142884636,3.4408978968965176,4.592498189157842
70,0.10838904916411586,25.84259040739734,0.9437855525788214,0.10687569019455692,24.01592674918781,0.9392635272580828,3.403338991847526,4.4601526479136995,3.353295771211455,4.396097212858685
71,0.10599446431343004,25.851484026079362,0.9438941601235463,0.10546998772593481,24.01777590715322,0.9392504301640285,3.4314590736515878,4.495027055509862,3.452593828670962,4.510766973900305
72,0.11002074231277523,25.867678865763434,0.9438870501846265,0.11158189845035842,24.038436696032008,0.9393479233395063,3.4690421348012324,4.59027941009535,3.5002479334347667,4.636225834034932
73,0.10603039180705677,25.876526903085097,0.9438917064963037,0.10512122797029037,24.01637163628204,0.9392102323705853,3.4159240954040135,4.4729160598702515,3.424182666204883,4.472220159716887
74,0.10996171168221269,25.88638155163495,0.9439818781930784,0.10736256061078811,24.06202664100815,0.9396701200557696,3.361941615395873,4.43443991775129,3.333337978317172,4.3809678884085015
75,0.10776577023620103,25.903497915019525,0.9441367363893025,0.11605051412597521,24.047029811413424,0.9394153203601708,3.4004189519186636,4.5599001384365,3.4779338064880068,4.716873753002173
76,0.1096872531753009,25.92094752345511,0.9441629476946664,0.10776312933168353,24.01321257935256,0.9388645405294429,3.4704346081131954,4.543832404987719,3.439204785330108,4.494333539584025
77,0.11459033209416004,25.917492028933975,0.9441524180117535,0.11379131947526375,24.030494523996673,0.939047759606308,3.4829257413638124,4.620391722393408,3.47383479389364,4.603660080241024
78,0.10700337182235414,25.940414318324702,0.9442647222737756,0.10797986314496662,24.03633124164554,0.9390886586823155,3.3747013055266684,4.453055703770457,3.37992237254911,4.467697081483311
79,0.1038482540465419,25.923620554237715,0.9441189486457864,0.10134655420669444,24.055806993995567,0.9394993612565559,3.3231512842984494,4.346550211892507,3.3282147364942465,4.327221345952726
80,0.10504437958883939,25.94872744419062,0.9442830716891191,0.10452391902611538,24.04189128455126,0.93920489436942,3.3116482588151896,4.359270712773627,3.313638525134832,4.356173219236923
81,0.10863205924916104,25.95786601586559,0.9443083915158557,0.10864332979807687,24.027728039330093,0.9389983026099322,3.4579767875439846,4.548658367264002,3.4706536103574335,4.561267285162702
82,0.09642349939603295,25.968530586786674,0.9443595224637513,0.0964275641035808,24.085316653863117,0.9397837180957397,3.2567837960350166,4.2406902620001965,3.314895101824119,4.298027533293126
83,0.1113098801105894,25.969498187183937,0.9443821978578973,0.1098042971690079,24.046819635731193,0.9391469897827384,3.378743579116944,4.480702848669026,3.3756914457436102,4.463056234132992
84,0.1075273969661216,25.980166385846722,0.9444640802886506,0.10443611941403476,24.014436264551403,0.9387589594402816,3.344389627693375,4.383206503302288,3.2979351635922107,4.307349121811775
85,0.09834798337622806,25.989219254853648,0.9445121114224014,0.09848401657972763,24.059037180610844,0.9393702876267037,3.2482655193097227,4.254747804802997,3.3136096637666204,4.320499641879334
86,0.09756566108723559,25.989349461747135,0.9445117573008448,0.0959954762382094,24.085117460714308,0.9397353990062473,3.2467896039004724,4.206219368686037,3.2299713255000295,4.174371273089072
87,0.1003086798384669,25.999284069441217,0.9445321136701491,0.09966311940996207,24.05742226023477,0.9392707147657039,3.2265562336171985,4.219871718073235,3.210471625410148,4.1977361758747564
88,0.10239381124759991,26.008011768343295,0.9445539047848398,0.10688166912932706,24.05781955278914,0.9392600571713553,3.2719020904701677,4.323071422647713,3.2633284574482864,4.358248596918867
89,0.10906773817606322,26.013198576286516,0.9446621185941905,0.10775244818764859,24.057969987391438,0.9392039385784852,3.4236589614944597,4.5122734150684645,3.44367803877193,4.519225034275805
90,0.1029891942108213,26.020159798068466,0.9446633338045529,0.10318551377100514,24.051923977633226,0.9392263545460658,3.355905763644866,4.400513289029673,3.39553847004557,4.441499751386516
91,0.11040521154562938,26.02325362730123,0.9447131575661353,0.11802485590556241,24.07987140115348,0.9395444595485554,3.459742101202161,4.644994760382512,3.5486232317179254,4.806709410081503
92,0.11032389112311652,26.030963924064732,0.9447217388485211,0.1065269444387508,24.070962915605385,0.9394269946684156,3.2711884219205873,4.30951796855746,3.154581178904423,4.157629463724077
93,0.10184757762754253,26.037276164893743,0.9447825906850554,0.10002506400812125,24.043751347737224,0.938999681745631,3.27727964274361,4.274452120069699,3.250455447204781,4.230285059008999
94,0.10125755550891696,26.03759366906195,0.9447614078260151,0.09926541534972412,24.072895832168356,0.9394423049816018,3.3467385957839637,4.342922957225487,3.3378141374348114,4.314755930978975
95,0.10039709060674035,26.04349444212827,0.9447972449774659,0.10305703431578923,24.06391834878159,0.9393205468175911,3.2232700911886645,4.255695081789512,3.254616334928247,4.312462356335433
96,0.10253216153160341,26.041483764475053,0.9447891266259686,0.10132798424167226,24.067389518590264,0.9393064552322008,3.2220399872461076,4.226228623887559,3.183439551219633,4.176461626926518
97,0.10974779670232887,26.049643010199702,0.9448406372731967,0.11768999546122921,24.0607397896718,0.9392174723057658,3.4245501020615574,4.600798534483909,3.499836430428024,4.7522446164652274
98,0.11331319636387692,26.05215674270622,0.9448522460352554,0.11629907907957407,24.055423701118897,0.9391498712693985,3.5340354580811857,4.714048033673699,3.6134179462244633,4.821347788088766
99,0.09912271449288257,26.053137782395172,0.944851335288528,0.09859141205509683,24.056228672139703,0.9391560529137394,3.216801758529564,4.202804733488211,3.211899280832578,4.19280558784104
